112633009407052835379706403740992712042220830599471544967791449333888241232235896637634020036554496337031435388229827514444426019681402585578997722568430151232028279881186560899851806370261292351733633295622442216480969177145882064608972427014947204319761144397930939501744782991118567530215789478758442465029
174118268575358983901619946685150996800720038706044081910630854265267030940359583434922827755641548580193890466395654468368549914559881125547103974207784204491435612766573163981454273959219817324672183336083040187285661486699888737314333340082721564924637522913806560820827816601736653930970627470824990865501
92553774735821717878203575436426330384575108526429297947179806884347616979323810700872314733705766596595958732880461957458362004332231199985063633997704107223373442183377887048941219272678601635906699482136682170341391631974630080593973899522978632352004981767891024242825342130088050796978756814661499806661
176656997303223902095560256491598180971380732993768921435351520271158961476748001277698565063028402764520109441247809203999420881922890353371040260979842426191177375275250990256146658405602103682083965762652790303682088948560995391904786385195323037525430801172918718937212475657313929650740839978361468109599
115070940564609423248950030308388484379204458289391497531947979334249712955615806939521605721699749247585667798917677595682175003116940937714937814558746224442425625787010823518213049307194832092930084692458264138375677683938736736248673533557569390517618829849378633863611659739654707321890843736110745090553
177980320505709086160850107492345372185398712959586055698080673832338570417315528971518313921106250202140140661581518474051523398504474452843083428869328343239663335871495513172421990157024461648610112764546337043420752898768033438233716767813847753000962871441937096950621505832678311542046332119711370906411
177159468342272876891233594941680704078909070231665325929561874988046640838612174233283794594485770041054169322454681175278723047363732471232918974914360384225552613889312504800430862024527196815504279266760698306158889510462741974149568096231640435321991861117300148413590989522912127923051354856099125220421
96500644326785376930098337847647587849785585654079094368993240772962560872272514581569371107895784488868905226942521705473557295030082767220644449128179788992120947612412416729023057297319085634188380129160072555865432852785394336550436899814771775269781879038742464857311366091587586166074920199527244259251
142637494613060166204734088413661040609783943690503336073451412787150735525760134817143193556398707516063894846634030845739427444362674863682069753580991557577563670413992369473885205745243803310576425812589322883917233760173527868906691890209007185954878678534427091131798522283153373454182594714879440730287
165139651140558629108660026717974875247025270193177139729813380453116434195903983783990700890504832740708889459681852685158974390512019289097926787286916343506621584418006030549462335315017383718431298649725104988525032851914167461244171983316571196158730690201497976119976080381509803422565199270367936371743
102854199001286974139543248265741433178795491882491326876976783585055031902022858904056680753169598774347392151694486086459967850084727410087170974431252498820284833040263689066418786794212799170961554634959016702585241455362776189963697730148244617973075468203621672489950678780451383677515776143294826680613
158697591167825738690207319518716646822833796713413854081073478424415238266217171989344527537421216608115067331574148446409832312285314894247477954523671213984771580023525017916287710544242233780974687829040523217046906311473085356592177936079262527079137991070428287154205982715761586112473481242988891866413
179723089540434272631445132585379757208579267723474136177559812068199288200688195605218354741389052411106565076075788868124178881465530834687541414956081332193665902627783078068231246590443862040566126823123728741587229876808705535296616017810421818121960503580494977449783021036066511835571529225724493438099
141941788802699484633488620841284648870942935837892444158269740616521034698478645699501297636494223225810569877796097955635897465115173240992958636342002900209371598974279481930059297728396786831200271702093314281541147250210406969548212237791772118363917647160480906208674236700244651837377884163080145644619
159378193924331661115908614337919208663182195492349589169198945060602844629895518198293860272118955560699520628221115961143429988476041171846670665372531889055532333762645480805440474642663063905961542855087213954752071420709304718165954065086564838678756764527655662335142190789118638079277879791816054596449
142160464671509036221938723357493086986913627470483781188465169296006205044540316258457848393385047561480493161549844855407681688315775827111137989134729246955135655800165739866786128233374690248101561074653820331082265356144143479143149866181855483329736771709259447154006058564700342180071262699702411538829
136647345269971744349587507815418817555916237583665231777582659061316501537425866853752834724343832278788360660442779526589531979057645266486466920047617033554112954176464755965083692191224639315597491967184727388624430914228032827910303945880665796851285089714035182885613050988040827436021283636257658337009
125953333768294908713623472918231889660951809361517876665155457895427311008380346269667903585728959543635877789874173693158112071213551325427595892372021142949969612376452403665600665418496952545188990745552336730997266206710240769836297547805567060305066317252710328504704012193656238156599752320816230785527
128824118114259187601656325809552818865493564820283806561833796409878357023562793056140112997860059385428831431060095998816021083220835655466708140258796594583675362376578099430401022178090626853362467069679595357927688045550434072757273147263687021455280817699588184835017457576423513081847081589529634762817
168752062119464810441695096697354406915908923145202571333303339859888200995043691681436954134848400143373758878270111655092117181918725954021629712270169263924072812264872088670900830856787123513343587401658127325186646575550780605673590797932761053391779754615681092256583842667169959301840224272503842088671
132548646392601022327803340338177737522746475945849731397048555892148080398102603227280404219513960862774504135929830797015225086116333156092114223413032212090372629870078073248145974810373849456877729967636043675266263435816513465165509380707516447404501043632727423483555217766622365039462763009599649510859
134709565449234300201557903128479516493953849512384526732780081993963667735896818314525502073456854102376362094553948837238014799785050942490339405968811393369114736891293277750480975035045094017750432828110865614546551989454102624976680665745687527024209578660245480476863887675408692530114985393350395897199