8895979267519823609767957800815683806539083214414144670056697494968030002688625975201313652099464586292075131685224785311257468037787729052559391212728093
13124897861833932613770527136553270049786381323759715794259296600932567064436452138248066581569629915260226237361612125700840578092679446342925338843644079
10939735283276458524398216667726642751143147136448550462212466170673844204583224102077234665102142864660455662960929350004814065783261283971113657714280989
11067322688211763879127710781245770200266306579753149074670002771714059738841730056577765602839652195914873916936503030794140872851579504321364488742771259
11413516010680777814127384311343725781113107913880221060918602136572207390773303280373413580351741864077594704984792022532979242718201697029247306420150367
11662549951736690528562247903094017441184471433847478450052971100435575108856049882366021952532653517875323501821154497065839230550825887848744087624709557
11023910035957594666909241246983218085391003219839275618322212593335666345239596194768907982739411529162594554042933382794002345180692176354938996151694237
11900995749574339125183148516709578320293746927519409654062936061118473899519037788123453417365089519427333052329740369102547398411136216091757287119989411
11340763174163522357482190240700199057791816442444351735664554570634024998274750609788439692743819757954321474378595068293166376039380285161421419287017751
8885001999901849599830352914115989099009748146332141469820765755672485750051898299315031939800087588313903098723368107518850559369136170304739600255512261





